00101100100110011100000000000001
00101100100101101000000000000011
00101100100110100100000000000101
00101100100110011100000000000111
00101100100101111000000000001001
00101100100101101000000000001011
00101100100110101100000000001101
00101100100101101000000000001111
00011000000000011100000100010001
00011000010000010100000100010011
00011000100000011000000101010101
00011000110000011000000101010111
00011001000000011100000110011001
00011001010000011100000100011011
00101100101110000000000000100001
00101100101001011000000000100011
00101100101110011000000000100101
00101100101011111100000000100111
00101100101010100100000000101001
00101100101100111100000000101011
00100000000000100000010000110001
00100000000000100100010001110011
00100000000000101000010010110101
00100000000000101100010011110111
00100000000000110000010100111001
00100000000000110100010101111011
00001100100001100000000001010001
00011011100001100100011000010011
00011011110001101000011001010101
00001100100001101000000010010111
00001100100001101100000011011001
00011100000001110000011011011011
00011100010001110100011100011101
00001100100001110100000100011111
00110000000000100000001001100001
00110000000000101000001011100011
00110000000000110000001101100101
00110000000000111000001111100111
00011001100001000100010000010001
00011001110001001100010010010011
00011010000001000100010000010101
00011010010001001100010010010111
00011010100001000100010000011001
00011010110001001100010010011011
00011011000001000100010000011101
00011011010001001100010010011111
00110000000000100000001001100001
00110000000000101000001011100011
00110000000000110000001101100101
00110000000000111000001111100111
00000000010000010000000000010001
00000000010000010100000000010011
00000000010000011000000000010101
00000000010000011100000000010111
00100000000000000000010000001001
00100000000000000100010001001011
00100000000000001000010010001101
00100000000000001100010011001111
00000000010000100000000000000001
00000000010000100100000000000011
00000000010000101000000000000101
00000000010000101100000000000111
00011000000000011100000100010001
00011000010000010100000100010011
00011000100000011000000101010101
00011000110000011000000101010111
00011001000000011100000110011001
00011001010000011100000100011011
00101100101010000000000000100001
00101100101001011000000000100011
00101100100111001000000000100101
00101100100111011100000000100111
00101100100010011100000000101001
00101100101110111100000000101011
00100000000000100000010000110001
00100000000000100100010001110011
00100000000000101000010010110101
00100000000000101100010011110111
00100000000000110000010100111001
00100000000000110100010101111011
00001100100001100000000001010001
00011011100001100100011000010011
00011011110001101000011001010101
00001100100001101000000010010111
00001100100001101100000011011001
00011100000001110000011011011011
00011100010001110100011100011101
00001100100001110100000100011111
00110000000000100000001001100001
00110000000000101000001011100011
00110000000000110000001101100101
00110000000000111000001111100111
00011001100001000100010000010001
00011001110001001100010010010011
00011010000001000100010000010101
00011010010001001100010010010111
00011010100001000100010000011001
00011010110001001100010010011011
00011011000001000100010000011101
00011011010001001100010010011111
00110000000000100000001001100001
00110000000000101000001011100011
00110000000000110000001101100101
00110000000000111000001111100111
00000000010000010000000000010001
00000000010000010100000000010011
00000000010000011000000000010101
00000000010000011100000000010111
00100000000000000000010000001001
00100000000000000100010001001011
00100000000000001000010010001101
00100000000000001100010011001111
00000000010000100000000000000001
00000000010000100100000000000011
00000000010000101000000000000101
00000000010000101100000000000111
00011000000000011100000100010001
00011000010000010100000100010011
00011000100000011000000101010101
00011000110000011000000101010111
00011001000000011100000110011001
00011001010000011100000100011011
00101100101110010000000000100001
00101100100101101000000000100011
00101100100111001000000000100101
00101100101111111000000000100111
00101100101011100100000000101001
00101100101100101100000000101011
00100000000000100000010000110001
00100000000000100100010001110011
00100000000000101000010010110101
00100000000000101100010011110111
00100000000000110000010100111001
00100000000000110100010101111011
00001100100001100000000001010001
00011011100001100100011000010011
00011011110001101000011001010101
00001100100001101000000010010111
00001100100001101100000011011001
00011100000001110000011011011011
00011100010001110100011100011101
00001100100001110100000100011111
00110000000000100000001001100001
00110000000000101000001011100011
00110000000000110000001101100101
00110000000000111000001111100111
00011001100001000100010000010001
00011001110001001100010010010011
00011010000001000100010000010101
00011010010001001100010010010111
00011010100001000100010000011001
00011010110001001100010010011011
00011011000001000100010000011101
00011011010001001100010010011111
00110000000000100000001001100001
00110000000000101000001011100011
00110000000000110000001101100101
00110000000000111000001111100111
00000000010000010000000000010001
00000000010000010100000000010011
00000000010000011000000000010101
00000000010000011100000000010111
00100000000000000000010000001001
00100000000000000100010001001011
00100000000000001000010010001101
00100000000000001100010011001111
00000000010000100000000000000001
00000000010000100100000000000011
00000000010000101000000000000101
00000000010000101100000000000111
00011000000000011100000100010001
00011000010000010100000100010011
00011000100000011000000101010101
00011000110000011000000101010111
00011001000000011100000110011001
00011001010000011100000100011011
00101100101010011000000000100001
00101100101111001100000000100011
00101100100101000000000000100101
00101100100110011000000000100111
00101100101111011100000000101001
00101100100111111100000000101011
00100000000000100000010000110001
00100000000000100100010001110011
00100000000000101000010010110101
00100000000000101100010011110111
00100000000000110000010100111001
00100000000000110100010101111011
00001100100001100000000001010001
00011011100001100100011000010011
00011011110001101000011001010101
00001100100001101000000010010111
00001100100001101100000011011001
00011100000001110000011011011011
00011100010001110100011100011101
00001100100001110100000100011111
00110000000000100000001001100001
00110000000000101000001011100011
00110000000000110000001101100101
00110000000000111000001111100111
00011001100001000100010000010001
00011001110001001100010010010011
00011010000001000100010000010101
00011010010001001100010010010111
00011010100001000100010000011001
00011010110001001100010010011011
00011011000001000100010000011101
00011011010001001100010010011111
00110000000000100000001001100001
00110000000000101000001011100011
00110000000000110000001101100101
00110000000000111000001111100111
00000000010000010000000000010001
00000000010000010100000000010011
00000000010000011000000000010101
00000000010000011100000000010111
00100000000000000000010000001001
00100000000000000100010001001011
00100000000000001000010010001101
00100000000000001100010011001111
00000000010000100000000000000001
00000000010000100100000000000011
00000000010000101000000000000101
00000000010000101100000000000111
00011000000000011100000100010001
00011000010000010100000100010011
00011000100000011000000101010101
00011000110000011000000101010111
00011001000000011100000110011001
00011001010000011100000100011011
00101100100000111000000000100001
00101100100101011100000000100011
00101100100101001100000000100101
00101100100111111100000000100111
00101100101011110100000000101001
00101100101110101000000000101011
00100000000000100000010000110001
00100000000000100100010001110011
00100000000000101000010010110101
00100000000000101100010011110111
00100000000000110000010100111001
00100000000000110100010101111011
00001100100001100000000001010001
00011011100001100100011000010011
00011011110001101000011001010101
00001100100001101000000010010111
00001100100001101100000011011001
00011100000001110000011011011011
00011100010001110100011100011101
00001100100001110100000100011111
00110000000000100000001001100001
00110000000000101000001011100011
00110000000000110000001101100101
00110000000000111000001111100111
00011001100001000100010000010001
00011001110001001100010010010011
00011010000001000100010000010101
00011010010001001100010010010111
00011010100001000100010000011001
00011010110001001100010010011011
00011011000001000100010000011101
00011011010001001100010010011111
00110000000000100000001001100001
00110000000000101000001011100011
00110000000000110000001101100101
00110000000000111000001111100111
00000000010000010000000000010001
00000000010000010100000000010011
00000000010000011000000000010101
00000000010000011100000000010111
00100000000000000000010000001001
00100000000000000100010001001011
00100000000000001000010010001101
00100000000000001100010011001111
00000000010000100000000000000001
00000000010000100100000000000011
00000000010000101000000000000101
00000000010000101100000000000111
00011000000000011100000100010001
00011000010000010100000100010011
00011000100000011000000101010101
00011000110000011000000101010111
00011001000000011100000110011001
00011001010000011100000100011011
00101100100110111100000000100001
00101100100101000100000000100011
00101100100101100100000000100101
00101100101110110000000000100111
00101100101101110100000000101001
00101100100111101100000000101011
00100000000000100000010000110001
00100000000000100100010001110011
00100000000000101000010010110101
00100000000000101100010011110111
00100000000000110000010100111001
00100000000000110100010101111011
00001100100001100000000001010001
00011011100001100100011000010011
00011011110001101000011001010101
00001100100001101000000010010111
00001100100001101100000011011001
00011100000001110000011011011011
00011100010001110100011100011101
00001100100001110100000100011111
00110000000000100000001001100001
00110000000000101000001011100011
00110000000000110000001101100101
00110000000000111000001111100111
00011001100001000100010000010001
00011001110001001100010010010011
00011010000001000100010000010101
00011010010001001100010010010111
00011010100001000100010000011001
00011010110001001100010010011011
00011011000001000100010000011101
00011011010001001100010010011111
00110000000000100000001001100001
00110000000000101000001011100011
00110000000000110000001101100101
00110000000000111000001111100111
00000000010000010000000000010001
00000000010000010100000000010011
00000000010000011000000000010101
00000000010000011100000000010111
00100000000000000000010000001001
00100000000000000100010001001011
00100000000000001000010010001101
00100000000000001100010011001111
00000000010000100000000000000001
00000000010000100100000000000011
00000000010000101000000000000101
00000000010000101100000000000111
00011000000000011100000100010001
00011000010000010100000100010011
00011000100000011000000101010101
00011000110000011000000101010111
00011001000000011100000110011001
00011001010000011100000100011011
00101100100000111100000000100001
00101100101100000100000000100011
00101100101100100100000000100101
00101100100100111100000000100111
00101100101111111000000000101001
00101100100111111000000000101011
00100000000000100000010000110001
00100000000000100100010001110011
00100000000000101000010010110101
00100000000000101100010011110111
00100000000000110000010100111001
00100000000000110100010101111011
00001100100001100000000001010001
00011011100001100100011000010011
00011011110001101000011001010101
00001100100001101000000010010111
00001100100001101100000011011001
00011100000001110000011011011011
00011100010001110100011100011101
00001100100001110100000100011111
00110000000000100000001001100001
00110000000000101000001011100011
00110000000000110000001101100101
00110000000000111000001111100111
00011001100001000100010000010001
00011001110001001100010010010011
00011010000001000100010000010101
00011010010001001100010010010111
00011010100001000100010000011001
00011010110001001100010010011011
00011011000001000100010000011101
00011011010001001100010010011111
00110000000000100000001001100001
00110000000000101000001011100011
00110000000000110000001101100101
00110000000000111000001111100111
00000000010000010000000000010001
00000000010000010100000000010011
00000000010000011000000000010101
00000000010000011100000000010111
00100000000000000000010000001001
00100000000000000100010001001011
00100000000000001000010010001101
00100000000000001100010011001111
00000000010000100000000000000001
00000000010000100100000000000011
00000000010000101000000000000101
00000000010000101100000000000111
00011000000000011100000100010001
00011000010000010100000100010011
00011000100000011000000101010101
00011000110000011000000101010111
00011001000000011100000110011001
00011001010000011100000100011011
00101100100001101100000000100001
00101100100100100100000000100011
00101100101001101100000000100101
00101100101111110100000000100111
00101100101101110100000000101001
00101100101111100000000000101011
00100000000000100000010000110001
00100000000000100100010001110011
00100000000000101000010010110101
00100000000000101100010011110111
00100000000000110000010100111001
00100000000000110100010101111011
00001100100001100000000001010001
00011011100001100100011000010011
00011011110001101000011001010101
00001100100001101000000010010111
00001100100001101100000011011001
00011100000001110000011011011011
00011100010001110100011100011101
00001100100001110100000100011111
00110000000000100000001001100001
00110000000000101000001011100011
00110000000000110000001101100101
00110000000000111000001111100111
00011001100001000100010000010001
00011001110001001100010010010011
00011010000001000100010000010101
00011010010001001100010010010111
00011010100001000100010000011001
00011010110001001100010010011011
00011011000001000100010000011101
00011011010001001100010010011111
00110000000000100000001001100001
00110000000000101000001011100011
00110000000000110000001101100101
00110000000000111000001111100111
00000000010000010000000000010001
00000000010000010100000000010011
00000000010000011000000000010101
00000000010000011100000000010111
00100000000000000000010000001001
00100000000000000100010001001011
00100000000000001000010010001101
00100000000000001100010011001111
00000000010000100000000000000001
00000000010000100100000000000011
00000000010000101000000000000101
00000000010000101100000000000111
00011000000000011100000100010001
00011000010000010100000100010011
00011000100000011000000101010101
00011000110000011000000101010111
00011001000000011100000110011001
00011001010000011100000100011011
00101100100001111100000000100001
00101100100100101000000000100011
00101100101000100100000000100101
00101100101101111100000000100111
00101100101111111000000000101001
00101100100011110000000000101011
00100000000000100000010000110001
00100000000000100100010001110011
00100000000000101000010010110101
00100000000000101100010011110111
00100000000000110000010100111001
00100000000000110100010101111011
00001100100001100000000001010001
00011011100001100100011000010011
00011011110001101000011001010101
00001100100001101000000010010111
00001100100001101100000011011001
00011100000001110000011011011011
00011100010001110100011100011101
00001100100001110100000100011111
00110000000000100000001001100001
00110000000000101000001011100011
00110000000000110000001101100101
00110000000000111000001111100111
00011001100001000100010000010001
00011001110001001100010010010011
00011010000001000100010000010101
00011010010001001100010010010111
00011010100001000100010000011001
00011010110001001100010010011011
00011011000001000100010000011101
00011011010001001100010010011111
00110000000000100000001001100001
00110000000000101000001011100011
00110000000000110000001101100101
00110000000000111000001111100111
00000000010000010000000000010001
00000000010000010100000000010011
00000000010000011000000000010101
00000000010000011100000000010111
00100000000000000000010000001001
00100000000000000100010001001011
00100000000000001000010010001101
00100000000000001100010011001111
00000000010000100000000000000001
00000000010000100100000000000011
00000000010000101000000000000101
00000000010000101100000000000111
00011000000000011100000100010001
00011000010000010100000100010011
00011000100000011000000101010101
00011000110000011000000101010111
00011001000000011100000110011001
00011001010000011100000100011011
00101100100001101100000000100001
00101100100011100100000000100011
00101100101000110000000000100101
00101100101111100100000000100111
00101100100101111100000000101001
00101100101111100000000000101011
00100000000000100000010000110001
00100000000000100100010001110011
00100000000000101000010010110101
00100000000000101100010011110111
00100000000000110000010100111001
00100000000000110100010101111011
00001100100001100000000001010001
00011011100001100100011000010011
00011011110001101000011001010101
00001100100001101000000010010111
00001100100001101100000011011001
00011100000001110000011011011011
00011100010001110100011100011101
00001100100001110100000100011111
00110000000000100000001001100001
00110000000000101000001011100011
00110000000000110000001101100101
00110000000000111000001111100111
00011001100001000100010000010001
00011001110001001100010010010011
00011010000001000100010000010101
00011010010001001100010010010111
00011010100001000100010000011001
00011010110001001100010010011011
00011011000001000100010000011101
00011011010001001100010010011111
00110000000000100000001001100001
00110000000000101000001011100011
00110000000000110000001101100101
00110000000000111000001111100111
00000000010000010000000000010001
00000000010000010100000000010011
00000000010000011000000000010101
00000000010000011100000000010111
00100000000000000000010000001001
00100000000000000100010001001011
00100000000000001000010010001101
00100000000000001100010011001111
00000000010000100000000000000001
00000000010000100100000000000011
00000000010000101000000000000101
00000000010000101100000000000111
00011000000000011100000100010001
00011000010000010100000100010011
00011000100000011000000101010101
00011000110000011000000101010111
00011001000000011100000110011001
00011001010000011100000100011011
00101100100001100000000000100001
00101100100010110000000000100011
00101100101100110100000000100101
00101100101001100100000000100111
00101100101111101000000000101001
00101100100011111100000000101011
00100000000000100000010000110001
00100000000000100100010001110011
00100000000000101000010010110101
00100000000000101100010011110111
00100000000000110000010100111001
00100000000000110100010101111011
00001100100001100000000001010001
00011011100001100100011000010011
00011011110001101000011001010101
00001100100001101000000010010111
00001100100001101100000011011001
00011100000001110000011011011011
00011100010001110100011100011101
00001100100001110100000100011111
00110000000000100000001001100001
00110000000000101000001011100011
00110000000000110000001101100101
00110000000000111000001111100111
00011001100001000100010000010001
00011001110001001100010010010011
00011010000001000100010000010101
00011010010001001100010010010111
00011010100001000100010000011001
00011010110001001100010010011011
00011011000001000100010000011101
00011011010001001100010010011111
00110000000000100000001001100001
00110000000000101000001011100011
00110000000000110000001101100101
00110000000000111000001111100111
00000000010000010000000000010001
00000000010000010100000000010011
00000000010000011000000000010101
00000000010000011100000000010111
00100000000000000000010000001001
00100000000000000100010001001011
00100000000000001000010010001101
00100000000000001100010011001111
00000000010000100000000000000001
00000000010000100100000000000011
00000000010000101000000000000101
00000000010000101100000000000111
00011000000000011100000100010001
00011000010000010100000100010011
00011000100000011000000101010101
00011000110000011000000101010111
00011001000000011100000110011001
00011001010000011100000100011011
00101100100101000100000000100001
00101100100110110000000000100011
00101100100010110000000000100101
00101100101111011100000000100111
00101100100111111000000000101001
00101100101011010000000000101011
00100000000000100000010000110001
00100000000000100100010001110011
00100000000000101000010010110101
00100000000000101100010011110111
00100000000000110000010100111001
00100000000000110100010101111011
00001100100001100000000001010001
00011011100001100100011000010011
00011011110001101000011001010101
00001100100001101000000010010111
00001100100001101100000011011001
00011100000001110000011011011011
00011100010001110100011100011101
00001100100001110100000100011111
00110000000000100000001001100001
00110000000000101000001011100011
00110000000000110000001101100101
00110000000000111000001111100111
00011001100001000100010000010001
00011001110001001100010010010011
00011010000001000100010000010101
00011010010001001100010010010111
00011010100001000100010000011001
00011010110001001100010010011011
00011011000001000100010000011101
00011011010001001100010010011111
00110000000000100000001001100001
00110000000000101000001011100011
00110000000000110000001101100101
00110000000000111000001111100111
00000000010000010000000000010001
00000000010000010100000000010011
00000000010000011000000000010101
00000000010000011100000000010111
00100000000000000000010000001001
00100000000000000100010001001011
00100000000000001000010010001101
00100000000000001100010011001111
00000000010000100000000000000001
00000000010000100100000000000011
00000000010000101000000000000101
00000000010000101100000000000111
00011000000000011100000100010001
00011000010000010100000100010011
00011000100000011000000101010101
00011000110000011000000101010111
00011001000000011100000110011001
00011001010000011100000100011011
00101100101100000000000000100001
00101100101010110100000000100011
00101100101010010000000000100101
00101100101011100100000000100111
00101100100010101100000000101001
00101100101111111100000000101011
00100000000000100000010000110001
00100000000000100100010001110011
00100000000000101000010010110101
00100000000000101100010011110111
00100000000000110000010100111001
00100000000000110100010101111011
00001100100001100000000001010001
00011011100001100100011000010011
00011011110001101000011001010101
00001100100001101000000010010111
00001100100001101100000011011001
00011100000001110000011011011011
00011100010001110100011100011101
00001100100001110100000100011111
00110000000000100000001001100001
00110000000000101000001011100011
00110000000000110000001101100101
00110000000000111000001111100111
00011001100001000100010000010001
00011001110001001100010010010011
00011010000001000100010000010101
00011010010001001100010010010111
00011010100001000100010000011001
00011010110001001100010010011011
00011011000001000100010000011101
00011011010001001100010010011111
00110000000000100000001001100001
00110000000000101000001011100011
00110000000000110000001101100101
00110000000000111000001111100111
00000000010000010000000000010001
00000000010000010100000000010011
00000000010000011000000000010101
00000000010000011100000000010111
00100000000000000000010000001001
00100000000000000100010001001011
00100000000000001000010010001101
00100000000000001100010011001111
00000000010000100000000000000001
00000000010000100100000000000011
00000000010000101000000000000101
00000000010000101100000000000111
00011000000000011100000100010001
00011000010000010100000100010011
00011000100000011000000101010101
00011000110000011000000101010111
00011001000000011100000110011001
00011001010000011100000100011011
00101100101101000000000000100001
00101100101010111000000000100011
00101100100010011100000000100101
00101100101011011100000000100111
00101100101111101000000000101001
00101100101001011100000000101011
00100000000000100000010000110001
00100000000000100100010001110011
00100000000000101000010010110101
00100000000000101100010011110111
00100000000000110000010100111001
00100000000000110100010101111011
00001100100001100000000001010001
00011011100001100100011000010011
00011011110001101000011001010101
00001100100001101000000010010111
00001100100001101100000011011001
00011100000001110000011011011011
00011100010001110100011100011101
00001100100001110100000100011111
00110000000000100000001001100001
00110000000000101000001011100011
00110000000000110000001101100101
00110000000000111000001111100111
00011001100001000100010000010001
00011001110001001100010010010011
00011010000001000100010000010101
00011010010001001100010010010111
00011010100001000100010000011001
00011010110001001100010010011011
00011011000001000100010000011101
00011011010001001100010010011111
00110000000000100000001001100001
00110000000000101000001011100011
00110000000000110000001101100101
00110000000000111000001111100111
00000000010000010000000000010001
00000000010000010100000000010011
00000000010000011000000000010101
00000000010000011100000000010111
00100000000000000000010000001001
00100000000000000100010001001011
00100000000000001000010010001101
00100000000000001100010011001111
00000000010000100000000000000001
00000000010000100100000000000011
00000000010000101000000000000101
00000000010000101100000000000111
00011000000000011100000100010001
00011000010000010100000100010011
00011000100000011000000101010101
00011000110000011000000101010111
00011001000000011100000110011001
00011001010000011100000100011011
00101100101110000100000000100001
00101100101011011000000000100011
00101100100010001000000000100101
00101100100111011100000000100111
00101100100010011100000000101001
00101100101111011100000000101011
00100000000000100000010000110001
00100000000000100100010001110011
00100000000000101000010010110101
00100000000000101100010011110111
00100000000000110000010100111001
00100000000000110100010101111011
00001100100001100000000001010001
00011011100001100100011000010011
00011011110001101000011001010101
00001100100001101000000010010111
00001100100001101100000011011001
00011100000001110000011011011011
00011100010001110100011100011101
00001100100001110100000100011111
00110000000000100000001001100001
00110000000000101000001011100011
00110000000000110000001101100101
00110000000000111000001111100111
00011001100001000100010000010001
00011001110001001100010010010011
00011010000001000100010000010101
00011010010001001100010010010111
00011010100001000100010000011001
00011010110001001100010010011011
00011011000001000100010000011101
00011011010001001100010010011111
00110000000000100000001001100001
00110000000000101000001011100011
00110000000000110000001101100101
00110000000000111000001111100111
00000000010000010000000000010001
00000000010000010100000000010011
00000000010000011000000000010101
00000000010000011100000000010111
00100000000000000000010000001001
00100000000000000100010001001011
00100000000000001000010010001101
00100000000000001100010011001111
00000000010000100000000000000001
00000000010000100100000000000011
00000000010000101000000000000101
00000000010000101100000000000111
00011000000000011100000100010001
00011000010000010100000100010011
00011000100000011000000101010101
00011000110000011000000101010111
00011001000000011100000110011001
00011001010000011100000100011011
00101100101110000000000000100001
00101100101011001000000000100011
00101100100010111000000000100101
00101100101111011000000000100111
00101100101111001100000000101001
00101100101001011100000000101011
00100000000000100000010000110001
00100000000000100100010001110011
00100000000000101000010010110101
00100000000000101100010011110111
00100000000000110000010100111001
00100000000000110100010101111011
00001100100001100000000001010001
00011011100001100100011000010011
00011011110001101000011001010101
00001100100001101000000010010111
00001100100001101100000011011001
00011100000001110000011011011011
00011100010001110100011100011101
00001100100001110100000100011111
00110000000000100000001001100001
00110000000000101000001011100011
00110000000000110000001101100101
00110000000000111000001111100111
00011001100001000100010000010001
00011001110001001100010010010011
00011010000001000100010000010101
00011010010001001100010010010111
00011010100001000100010000011001
00011010110001001100010010011011
00011011000001000100010000011101
00011011010001001100010010011111
00110000000000100000001001100001
00110000000000101000001011100011
00110000000000110000001101100101
00110000000000111000001111100111
00000000010000010000000000010001
00000000010000010100000000010011
00000000010000011000000000010101
00000000010000011100000000010111
00100000000000000000010000001001
00100000000000000100010001001011
00100000000000001000010010001101
00100000000000001100010011001111
00000000010000100000000000000001
00000000010000100100000000000011
00000000010000101000000000000101
00000000010000101100000000000111
10000000000000000000000000000000
