00000000000000101000111000000001
00000000000000101000110100000011
00000000000000000000000000010101
00000000000000000000000000010101
00000000000000101000101100000001
00000000000000101000110000000011
00000000000000000000000000010101
00000000001111000000000000000001
00000000000000000000001000000011
00000000000000000000001000000011
00000000000000000000000000000000
00000000000000000000000000000000
00000000000000000000000000000000
00000000000000000000000000000000
00000000000000000000000000000000
00000000000000000000000000000000