00000000000000101000111000000001
00000000000000101000110000000011
00000000000000000000000000010101
00000000000000000000000000010101
00000000000000101000101100000001
00000000000000101000110000000011
00000000000000000000000000010101
00000000000111000000000000000001
00000000000000000000001000000011
00000000001011000000000000000101
00000000000000000000001000010001
00000000000000001001000000000101
00000000000000001001000000000101
00000000000000000000000000000000
00000000000000000000000000000000
00000000000000000000000000000000