00000000000000101000100000000001
00000000000000101000111000000011
00000000000000000000000000010101
00000000000111000000000000000001
00000000000000000000001000000011
00000000000000000000001000000011
00000000000000000000000000000000
00000000000000000000000000000000
00000000001001000000000000000001
00000000000000000000000000000000
00000000000000000000000000000000
00000000000000000000000000000000
00000000000000000000000000000000
00000000000000000000000000000000
00000000000000000000000000000000
00000000000000000000000000000000