00000000000000101000100000000001
00000000000000101000110000000011
00000000000000000000000000010101
00000000000000000000000000010101
00000000000000101000101000000001
00000000000000101000110000000011
00000000000000000000000000010101
00000000000000000000000000010101
00000000000000000000000000000000
00000000000000000000000000000000
00000000000000000000000000000000
00000000000000000000000000000000
00000000000000000000000000000000
00000000000000000000000000000000
00000000000000000000000000000000
00000000000000000000000000000000