00000000000000101000111100000001
00000000000000101000111100000011
00000000000000000000000000010101
00000000001011000000000000000001
00000000000000000000001000000011
00000000001101000000000000000101
00000000000000000000001000010111
00000000000000001001001100000001
00000000000000000000000000000000
00000000000000000000000000000000
00000000000000000000000000000000
00000000000000000000000000000000
00000000000011000000000000000001
00000000000000000000000000000000
00000000000000000000000000000000
00000000000000000000000000000000